It: 11	Mean objective: 10013.325401592032	Best objective: 9727.715019085857	Best individual [151, 146, 154, 150, 135, 130, 117, 121, 118, 112, 108, 113, 110, 103, 100, 98, 88, 93, 89, 97, 85, 84, 64, 19, 62, 35, 58, 61, 81, 70, 24, 22, 12, 15, 7, 5, 0, 3, 1, 2, 6, 10, 13, 16, 25, 23, 20, 17, 32, 27, 21, 28, 44, 56, 69, 76, 80, 78, 82, 87, 91, 96, 94, 95, 92, 90, 102, 101, 86, 79, 75, 71, 74, 77, 73, 68, 59, 63, 67, 65, 60, 50, 38, 36, 26, 11, 9, 8, 4, 14, 18, 29, 31, 34, 30, 33, 39, 37, 40, 47, 55, 52, 51, 53, 54, 48, 49, 41, 43, 45, 42, 46, 57, 66, 72, 83, 99, 104, 105, 106, 107, 109, 111, 114, 115, 116, 120, 119, 122, 123, 127, 132, 128, 134, 142, 147, 159, 165, 170, 169, 166, 161, 157, 158, 164, 167, 177, 179, 184, 192, 187, 190, 191, 188, 183, 180, 176, 174, 172, 173, 178, 182, 185, 186, 189, 193, 181, 175, 171, 168, 162, 163, 160, 155, 144, 148, 145, 141, 139, 133, 131, 129, 126, 125, 124, 136, 137, 138, 143, 149, 156, 153, 152, 140]
p

It: 11	Mean objective: 10037.67022997426	Best objective: 9716.986968553783	Best individual [42, 39, 33, 38, 36, 28, 21, 27, 17, 20, 23, 25, 16, 13, 10, 6, 2, 1, 3, 0, 5, 7, 15, 12, 24, 22, 70, 81, 61, 58, 35, 62, 19, 64, 84, 85, 97, 88, 89, 93, 100, 98, 103, 110, 129, 155, 160, 162, 163, 168, 171, 175, 181, 193, 189, 186, 185, 182, 178, 172, 173, 174, 183, 188, 190, 191, 187, 192, 180, 176, 177, 179, 184, 170, 166, 169, 167, 164, 158, 157, 161, 165, 159, 142, 147, 154, 150, 146, 151, 140, 152, 156, 153, 149, 143, 138, 137, 141, 145, 148, 144, 139, 136, 133, 131, 126, 124, 125, 113, 112, 108, 118, 121, 117, 130, 135, 134, 128, 132, 127, 123, 122, 119, 120, 116, 115, 114, 111, 109, 107, 106, 104, 105, 99, 83, 76, 80, 78, 82, 87, 91, 96, 94, 95, 92, 90, 102, 101, 86, 79, 75, 71, 74, 77, 73, 68, 59, 32, 56, 44, 63, 69, 67, 72, 66, 65, 60, 50, 46, 57, 55, 52, 51, 47, 45, 43, 53, 54, 48, 49, 41, 34, 31, 29, 18, 14, 4, 8, 9, 11, 26, 30, 37, 40]



It: 11	Mean objective: 10057.535926079343	Best objective: 9726.705222639206	Best individual [183, 188, 190, 191, 187, 192, 184, 179, 177, 167, 164, 158, 157, 161, 166, 169, 170, 165, 159, 147, 142, 128, 134, 132, 127, 122, 123, 119, 120, 116, 115, 114, 111, 109, 107, 106, 105, 104, 99, 83, 78, 76, 80, 82, 87, 91, 96, 95, 94, 92, 102, 101, 90, 86, 79, 75, 71, 74, 77, 73, 68, 59, 25, 23, 20, 17, 32, 27, 21, 28, 44, 56, 69, 63, 67, 65, 72, 66, 60, 50, 46, 38, 36, 26, 33, 39, 42, 57, 55, 52, 51, 53, 48, 54, 49, 41, 43, 45, 47, 40, 37, 30, 34, 31, 29, 18, 14, 11, 9, 8, 4, 2, 1, 3, 0, 5, 7, 15, 12, 6, 10, 13, 16, 24, 22, 70, 81, 61, 58, 35, 62, 19, 64, 84, 85, 97, 89, 93, 88, 98, 100, 103, 110, 113, 112, 108, 118, 121, 117, 130, 135, 154, 150, 146, 151, 140, 152, 156, 153, 149, 143, 138, 137, 141, 145, 148, 144, 139, 136, 133, 131, 126, 124, 125, 129, 155, 160, 162, 163, 168, 175, 181, 193, 189, 186, 182, 185, 178, 171, 172, 173, 174, 176, 180]
